
Program Purpose: Create a circular linked list
representing the Fibonacci series of a given length n,
sort the list in descending order, and print it to the 
console and write it to a file.
The value of n given is: 187


Fibonacci series of length 187 in descending order:
0 858943736 3883453837 1270457195 2612996642 2952427849 3955536089 3291859056 663677033 2628182023 2330462306 297719717 2032742589 2559944424 3767765461 3087146259 680619202 2406527057 2569059441 4132434912 2731591825 1400843087 1330748738 70094349 1260654389 3104407256 2451214429 653192827 1798021602 3150138521 2942850377 207288144 2735562233 1766693207 968869026 797824181 171044845 626779336 3839232805 1082513827 2756718978 2620762145 135956833 2484805312 1946118817 538686495 1407432322 3426221469 2276178149 1150043320 1126134829 23908491 1102226338 3216649449 2180544185 1036105264 1144438921 4186633639 1252772578 2933861061 2613878813 319982248 2293896565 2321052979 4267810882 2348209393 1919601489 428607904 1490993585 3232581615 2553379266 679202349 1874176917 3099992728 3069151485 30841243 3038310242 1287498297 1750811945 3831653648 2214125593 1617528055 596597538 1020930517 3870634317 1445263496 2425370821 3314859971 3405478146 4204349121 3496096321 708252800 2787843521 2215376575 572466946 1642909629 3224524613 2713352312 511172301 2202180011 2603959586 3893187721 3005739161 887448560 2118290601 3064125255 3349132642 4009959909 3634140029 375819880 3258320149 1412467027 1845853122 3861581201 2279239217 1582341984 696897233 885444751 4106419778 1073992269 3032427509 2336532056 695895453 1640636603 3350226146 2585377753 764848393 1820529360 3239286329 2876210327 363076002 2513134325 2144908973 368225352 1776683621 2886509027 3185141890 3996334433 3483774753 512559680 2971215073 1836311903 1134903170 701408733 433494437 267914296 165580141 102334155 63245986 39088169 24157817 14930352 9227465 5702887 3524578 2178309 1346269 832040 514229 317811 196418 121393 75025 46368 28657 17711 10946 6765 4181 2584 1597 987 610 377 233 144 89 55 34 21 13 8 5 3 2 1 1 0 
