
Program Purpose: Create a circular linked list
representing the Fibonacci series of a given length n,
sort the list in descending order, and print it to the 
console and write it to a file.
The value of n given is: 123


Fibonacci series of length 123 in descending order:
4204349121 4106419778 4009959909 3996334433 3893187721 3870634317 3861581201 3831653648 3634140029 3496096321 3483774753 3405478146 3350226146 3349132642 3314859971 3258320149 3239286329 3232581615 3224524613 3185141890 3099992728 3069151485 3064125255 3038310242 3032427509 3005739161 2971215073 2886509027 2876210327 2787843521 2713352312 2603959586 2585377753 2553379266 2513134325 2425370821 2348209393 2336532056 2279239217 2215376575 2214125593 2202180011 2144908973 2118290601 1919601489 1874176917 1845853122 1836311903 1820529360 1776683621 1750811945 1642909629 1640636603 1617528055 1582341984 1490993585 1445263496 1412467027 1287498297 1134903170 1073992269 1020930517 887448560 885444751 764848393 708252800 701408733 696897233 695895453 679202349 596597538 572466946 512559680 511172301 433494437 428607904 375819880 368225352 363076002 267914296 165580141 102334155 63245986 39088169 30841243 24157817 14930352 9227465 5702887 3524578 2178309 1346269 832040 514229 317811 196418 121393 75025 46368 28657 17711 10946 6765 4181 2584 1597 987 610 377 233 144 89 55 34 21 13 8 5 3 2 1 1 0 
